2017-11-01 12:39:26输出结果:[124, 5, 62, 149, 196, 93, 137, 158, 194, 211, 28, 40, 65, 182, 201, 16, 63, 173, 85, 190, 203, 247, 49, 83, 160, 179, 241, 110, 183, 197, 84, 135, 72, 101, 240, 34, 147]
2017-11-01 14:34:40输出结果:[124, 5, 62, 149, 196, 93, 137, 158, 194, 211, 28, 40, 65, 182, 201, 16, 63, 173, 85, 190, 203, 247, 49, 83, 160, 179, 241, 110, 183, 197, 84, 135, 72, 101, 240, 34, 147]
2017-11-01 14:35:58输出结果:[124, 5, 62, 149, 196, 93, 137, 158, 194, 211, 28, 40, 65, 182, 201, 16, 63, 173, 85, 190, 203, 247, 49, 83, 160, 179, 241, 110, 183, 197, 84, 135, 72, 101, 240, 34, 147]
2017-11-01 14:36:39输出结果:[124, 5, 62, 149, 196, 93, 137, 158, 194, 211, 28, 40, 65, 182, 201, 16, 63, 173, 85, 190, 203, 247, 49, 83, 160, 179, 241, 110, 183, 197, 84, 135, 72, 101, 240, 34, 147]
2017-11-01 14:37:53输出结果:[124, 5, 62, 149, 196, 93, 137, 158, 194, 211, 28, 40, 65, 182, 201, 16, 63, 173, 85, 190, 203, 247, 49, 83, 160, 179, 241, 110, 183, 197, 84, 135, 72, 101, 240, 34, 147]
2017-11-01 14:39:09输出结果:37
[124, 5, 62, 149, 196, 93, 137, 158, 194, 211, 28, 40, 65, 182, 201, 16, 63, 173, 85, 190, 203, 247, 49, 83, 160, 179, 241, 110, 183, 197, 84, 135, 72, 101, 240, 34, 147]
2017-11-01 14:40:15输出结果:37
[124, 5, 62, 149, 196, 93, 137, 158, 194, 211, 28, 40, 65, 182, 201, 16, 63, 173, 85, 190, 203, 247, 49, 83, 160, 179, 241, 110, 183, 197, 84, 135, 72, 101, 240, 34, 147]
2017-11-01 14:46:43输出结果:点个数34
[53, 113, 44, 103, 6, 79, 10, 28, 48, 66, 124, 69, 33, 64, 122, 1, 8, 24, 47, 84, 95, 78, 70, 67, 43, 109, 76, 116, 18, 121, 46, 81, 4, 30]
2017-11-01 14:48:17输出结果:点个数52
[96, 109, 193, 489, 492, 107, 146, 51, 117, 267, 426, 450, 203, 204, 309, 5, 279, 294, 441, 112, 380, 403, 454, 20, 243, 487, 414, 483, 36, 180, 229, 241, 335, 154, 290, 405, 147, 442, 26, 219, 406, 139, 419, 87, 122, 325, 214, 451, 148, 306, 27, 311]
2017-11-01 15:06:30输出结果:点个数52
[96, 109, 193, 489, 492, 107, 146, 51, 117, 267, 426, 450, 203, 204, 309, 5, 279, 294, 441, 112, 380, 403, 454, 20, 243, 487, 414, 483, 36, 180, 229, 241, 335, 154, 290, 405, 147, 442, 26, 219, 406, 139, 419, 87, 122, 325, 214, 451, 148, 306, 27, 311]
2017-11-01 15:09:18输出结果:点个数52
[96, 109, 193, 489, 492, 107, 146, 51, 117, 267, 426, 450, 203, 204, 309, 5, 279, 294, 441, 112, 380, 403, 454, 20, 243, 487, 414, 483, 36, 180, 229, 241, 335, 154, 290, 405, 147, 442, 26, 219, 406, 139, 419, 87, 122, 325, 214, 451, 148, 306, 27, 311]
2017-11-01 15:11:51输出结果:点个数52
[96, 109, 193, 489, 492, 107, 146, 51, 117, 267, 426, 450, 203, 204, 309, 5, 279, 294, 441, 112, 380, 403, 454, 20, 243, 487, 414, 483, 36, 180, 229, 241, 335, 154, 290, 405, 147, 442, 26, 219, 406, 139, 419, 87, 122, 325, 214, 451, 148, 306, 27, 311]
2017-11-01 15:13:15输出结果:点个数52
[96, 109, 193, 489, 492, 107, 146, 51, 117, 267, 426, 450, 203, 204, 309, 5, 279, 294, 441, 112, 380, 403, 454, 20, 243, 487, 414, 483, 36, 180, 229, 241, 335, 154, 290, 405, 147, 442, 26, 219, 406, 139, 419, 87, 122, 325, 214, 451, 148, 306, 27, 311]
2017-11-01 15:14:39输出结果:点个数34
[53, 113, 44, 103, 6, 79, 10, 28, 48, 66, 124, 69, 33, 64, 122, 1, 8, 24, 47, 84, 95, 78, 70, 67, 43, 109, 76, 116, 18, 121, 46, 81, 4, 30]
2017-11-01 15:17:07输出结果:点个数37
[124, 5, 62, 149, 196, 93, 137, 158, 194, 211, 28, 40, 65, 182, 201, 16, 63, 173, 85, 190, 203, 247, 49, 83, 160, 179, 241, 110, 183, 197, 84, 135, 72, 101, 240, 34, 147]
2017-11-01 15:22:58输出结果:点个数37
[124, 5, 62, 149, 196, 93, 137, 158, 194, 211, 28, 40, 65, 182, 201, 16, 63, 173, 85, 190, 203, 247, 49, 83, 160, 179, 241, 110, 183, 197, 84, 135, 72, 101, 240, 34, 147]
2017-11-01 15:24:17输出结果:点个数37
[124, 5, 62, 149, 196, 93, 137, 158, 194, 211, 28, 40, 65, 182, 201, 16, 63, 173, 85, 190, 203, 247, 49, 83, 160, 179, 241, 110, 183, 197, 84, 135, 72, 101, 240, 34, 147]
2017-11-01 15:38:33输出结果:点个数37
[124, 5, 62, 149, 196, 93, 137, 158, 194, 211, 28, 40, 65, 182, 201, 16, 63, 173, 85, 190, 203, 247, 49, 83, 160, 179, 241, 110, 183, 197, 84, 135, 72, 101, 240, 34, 147]
2017-11-01 17:06:32输出结果:点个数4
[1, 2, 3, 4]
2017-11-01 17:07:29输出结果:点个数4
[1, 2, 3, 4]
2017-11-01 17:10:35输出结果:点个数4
[1, 2, 3, 4]
2017-11-01 17:12:58输出结果:点个数4
[1, 2, 3, 4]
2017-11-01 17:18:12输出结果:点个数4
[1, 2, 3, 4]
2017-11-01 17:19:12输出结果:点个数4
[1, 2, 3, 4]
2017-11-01 17:21:02输出结果:点个数4
[1, 2, 3, 4]
2017-11-01 17:22:08输出结果:点个数4
[1, 2, 3, 4]
2017-11-01 17:24:49输出结果:点个数4
[1, 2, 3, 4]
2017-11-01 17:25:38输出结果:点个数4
[1, 2, 3, 4]
2017-11-01 17:26:11输出结果:点个数4
[1, 2, 3, 4]
2017-11-01 17:26:31输出结果:点个数4
[1, 2, 3, 4]
2017-11-01 17:29:40输出结果:点个数4
[1, 2, 3, 4]
2017-11-01 17:30:41输出结果:点个数4
[1, 2, 3, 4]
2017-11-01 17:31:34输出结果:点个数37
[124, 5, 62, 149, 196, 93, 137, 158, 194, 211, 28, 40, 65, 182, 201, 16, 63, 173, 85, 190, 203, 247, 49, 83, 160, 179, 241, 110, 183, 197, 84, 135, 72, 101, 240, 34, 147]
2017-11-01 17:45:36输出结果:点个数38
[124, 149, 16, 173, 85, 83, 183, 34, 192, 104, 101, 25, 121, 26, 235, 130, 66, 95, 195, 133, 174, 210, 96, 141, 90, 21, 0, 74, 43, 150, 120, 152, 217, 12, 248, 188, 113, 58]
2017-11-01 17:48:54输出结果:点个数38
[124, 149, 16, 173, 85, 83, 183, 34, 192, 104, 101, 25, 121, 26, 235, 130, 66, 95, 195, 133, 174, 210, 96, 141, 90, 21, 0, 74, 43, 150, 120, 152, 217, 12, 248, 188, 113, 58]
2017-11-01 17:51:03输出结果:点个数1
[124]
2017-11-01 17:52:43输出结果:点个数1
[124]
2017-11-01 17:54:02输出结果:点个数38
[124, 149, 16, 173, 85, 83, 183, 34, 192, 104, 101, 25, 121, 26, 235, 130, 66, 95, 195, 133, 174, 210, 96, 141, 90, 21, 0, 74, 43, 150, 120, 152, 217, 12, 248, 188, 113, 58]
2017-11-01 17:55:11输出结果:点个数38
[124, 149, 16, 173, 85, 83, 183, 34, 192, 104, 101, 25, 121, 26, 235, 130, 66, 95, 195, 133, 174, 210, 96, 141, 90, 21, 0, 74, 43, 150, 120, 152, 217, 12, 248, 188, 113, 58]
2017-11-02 10:21:15输出结果:点个数4
[1, 2, 3, 4]
2017-11-02 12:32:52输出结果:点个数34
[53, 10, 28, 48, 124, 69, 33, 1, 8, 24, 47, 78, 70, 18, 23, 92, 43, 109, 91, 0, 76, 116, 4, 30, 120, 17, 97, 39, 114, 81, 100, 121, 16, 80]
2017-11-02 12:35:01输出结果:点个数34
[53, 10, 28, 48, 124, 69, 33, 1, 8, 24, 47, 78, 70, 18, 23, 92, 43, 109, 91, 0, 76, 116, 4, 30, 120, 17, 97, 39, 114, 81, 100, 121, 16, 80]
2017-11-02 12:36:16输出结果:点个数34
[53, 10, 28, 48, 124, 69, 33, 1, 8, 24, 47, 78, 70, 18, 23, 92, 43, 109, 91, 0, 76, 116, 4, 30, 120, 17, 97, 39, 114, 81, 100, 121, 16, 80]
2017-11-02 12:37:12输出结果:点个数34
[53, 10, 28, 48, 124, 69, 33, 1, 8, 24, 47, 78, 70, 18, 23, 92, 43, 109, 91, 0, 76, 116, 4, 30, 120, 17, 97, 39, 114, 81, 100, 121, 16, 80]
2017-11-02 12:38:15输出结果:点个数50
[109, 492, 5, 279, 20, 243, 241, 335, 95, 147, 442, 397, 219, 406, 306, 48, 45, 352, 432, 122, 325, 242, 237, 214, 179, 111, 471, 293, 19, 373, 401, 384, 31, 244, 175, 455, 129, 292, 167, 182, 199, 466, 230, 316, 27, 301, 420, 307, 343, 330]
2017-11-02 14:25:08输出结果:点个数50耗时ms：130
[109, 492, 5, 279, 20, 243, 241, 335, 95, 147, 442, 397, 219, 406, 306, 48, 45, 352, 432, 122, 325, 242, 237, 214, 179, 111, 471, 293, 19, 373, 401, 384, 31, 244, 175, 455, 129, 292, 167, 182, 199, 466, 230, 316, 27, 301, 420, 307, 343, 330]
2017-11-02 14:25:28输出结果:点个数50耗时ms：123
[109, 492, 5, 279, 20, 243, 241, 335, 95, 147, 442, 397, 219, 406, 306, 48, 45, 352, 432, 122, 325, 242, 237, 214, 179, 111, 471, 293, 19, 373, 401, 384, 31, 244, 175, 455, 129, 292, 167, 182, 199, 466, 230, 316, 27, 301, 420, 307, 343, 330]
2017-11-02 15:40:31输出结果:点个数52耗时ms：76
[96, 109, 193, 489, 492, 107, 146, 51, 117, 267, 426, 450, 203, 204, 309, 5, 279, 294, 441, 112, 380, 403, 454, 20, 243, 487, 414, 483, 36, 180, 229, 241, 335, 154, 290, 405, 147, 442, 26, 219, 406, 139, 419, 87, 122, 325, 214, 451, 148, 306, 27, 311]
2017-11-03 16:57:31输出结果:点个数4耗时ms：1
[1, 2, 3, 4]
2017-11-06 09:27:20输出结果:点个数165耗时ms：144
[30, 66, 69, 72, 75, 78, 81, 84, 87, 93, 96, 102, 105, 108, 111, 114, 117, 120, 123, 129, 132, 138, 141, 144, 147, 150, 153, 156, 159, 165, 168, 174, 177, 180, 183, 186, 189, 192, 195, 201, 204, 210, 213, 216, 219, 222, 228, 237, 240, 246, 249, 252, 255, 258, 264, 273, 276, 282, 285, 288, 291, 297, 303, 309, 312, 318, 321, 324, 327, 333, 339, 345, 348, 363, 366, 372, 375, 13, 14, 16, 17, 22, 23, 25, 26, 28, 29, 34, 35, 37, 38, 40, 41, 43, 44, 46, 47, 49, 50, 52, 53, 55, 56, 58, 59, 61, 62, 64, 65, 91, 92, 100, 101, 127, 128, 136, 137, 163, 164, 172, 173, 199, 200, 208, 209, 226, 227, 232, 233, 235, 236, 244, 245, 262, 263, 268, 269, 271, 272, 280, 281, 295, 296, 301, 302, 307, 308, 316, 317, 331, 332, 337, 338, 343, 344, 352, 353, 355, 356, 358, 359, 361, 362, 370, 371]
2017-11-06 09:37:22输出结果:点个数165耗时ms：135
[30, 66, 69, 72, 75, 78, 81, 84, 87, 93, 96, 102, 105, 108, 111, 114, 117, 120, 123, 129, 132, 138, 141, 144, 147, 150, 153, 156, 159, 165, 168, 174, 177, 180, 183, 186, 189, 192, 195, 201, 204, 210, 213, 216, 219, 222, 228, 237, 240, 246, 249, 252, 255, 258, 264, 273, 276, 282, 285, 288, 291, 297, 303, 309, 312, 318, 321, 324, 327, 333, 339, 345, 348, 363, 366, 372, 375, 13, 14, 16, 17, 22, 23, 25, 26, 28, 29, 34, 35, 37, 38, 40, 41, 43, 44, 46, 47, 49, 50, 52, 53, 55, 56, 58, 59, 61, 62, 64, 65, 91, 92, 100, 101, 127, 128, 136, 137, 163, 164, 172, 173, 199, 200, 208, 209, 226, 227, 232, 233, 235, 236, 244, 245, 262, 263, 268, 269, 271, 272, 280, 281, 295, 296, 301, 302, 307, 308, 316, 317, 331, 332, 337, 338, 343, 344, 352, 353, 355, 356, 358, 359, 361, 362, 370, 371]
2017-11-06 09:47:45输出结果:点个数4耗时ms：0
[1, 2, 3, 4]
2017-11-06 10:00:23输出结果:点个数4耗时ms：1
[1, 2, 3, 4]
2017-11-06 10:01:07输出结果:点个数4耗时ms：0
[1, 2, 3, 4]
2017-11-06 10:01:35输出结果:点个数165耗时ms：258
[30, 66, 69, 72, 75, 78, 81, 84, 87, 93, 96, 102, 105, 108, 111, 114, 117, 120, 123, 129, 132, 138, 141, 144, 147, 150, 153, 156, 159, 165, 168, 174, 177, 180, 183, 186, 189, 192, 195, 201, 204, 210, 213, 216, 219, 222, 228, 237, 240, 246, 249, 252, 255, 258, 264, 273, 276, 282, 285, 288, 291, 297, 303, 309, 312, 318, 321, 324, 327, 333, 339, 345, 348, 363, 366, 372, 375, 13, 14, 16, 17, 22, 23, 25, 26, 28, 29, 34, 35, 37, 38, 40, 41, 43, 44, 46, 47, 49, 50, 52, 53, 55, 56, 58, 59, 61, 62, 64, 65, 91, 92, 100, 101, 127, 128, 136, 137, 163, 164, 172, 173, 199, 200, 208, 209, 226, 227, 232, 233, 235, 236, 244, 245, 262, 263, 268, 269, 271, 272, 280, 281, 295, 296, 301, 302, 307, 308, 316, 317, 331, 332, 337, 338, 343, 344, 352, 353, 355, 356, 358, 359, 361, 362, 370, 371]
2017-11-06 10:18:39输出结果:点个数0耗时ms：1
[]
2017-11-06 10:19:59输出结果:点个数0耗时ms：0
[]
2017-11-06 10:20:38输出结果:点个数4耗时ms：0
[1, 2, 3, 4]
2017-11-06 10:38:24输出结果:点个数4耗时ms：1
[1, 2, 3, 4]
2017-11-06 10:41:01输出结果:点个数4耗时ms：1
[1, 2, 3, 4]
2017-11-06 10:46:59输出结果:点个数4耗时ms：0
[1, 2, 3, 4]
2017-11-06 10:47:18输出结果:点个数125耗时ms：107
[27, 30, 33, 36, 39, 42, 45, 48, 51, 54, 57, 60, 63, 66, 69, 72, 75, 78, 81, 84, 87, 90, 93, 96, 99, 102, 105, 108, 111, 114, 117, 120, 123, 126, 129, 132, 135, 138, 141, 144, 147, 150, 153, 156, 159, 162, 165, 168, 171, 174, 177, 180, 183, 186, 189, 192, 195, 198, 201, 204, 207, 210, 213, 216, 219, 222, 225, 228, 231, 234, 237, 240, 243, 246, 249, 252, 255, 258, 261, 264, 267, 270, 273, 276, 279, 282, 285, 288, 291, 294, 297, 300, 303, 306, 309, 312, 315, 318, 321, 324, 327, 330, 333, 336, 339, 342, 345, 348, 351, 354, 357, 360, 363, 366, 369, 372, 375, 13, 14, 16, 17, 22, 23, 25, 26]
2017-11-06 10:50:58输出结果:点个数125耗时ms：128
[27, 30, 33, 36, 39, 42, 45, 48, 51, 54, 57, 60, 63, 66, 69, 72, 75, 78, 81, 84, 87, 90, 93, 96, 99, 102, 105, 108, 111, 114, 117, 120, 123, 126, 129, 132, 135, 138, 141, 144, 147, 150, 153, 156, 159, 162, 165, 168, 171, 174, 177, 180, 183, 186, 189, 192, 195, 198, 201, 204, 207, 210, 213, 216, 219, 222, 225, 228, 231, 234, 237, 240, 243, 246, 249, 252, 255, 258, 261, 264, 267, 270, 273, 276, 279, 282, 285, 288, 291, 294, 297, 300, 303, 306, 309, 312, 315, 318, 321, 324, 327, 330, 333, 336, 339, 342, 345, 348, 351, 354, 357, 360, 363, 366, 369, 372, 375, 13, 14, 16, 17, 22, 23, 25, 26]
2017-11-06 10:51:17输出结果:点个数125耗时ms：110
[27, 30, 33, 36, 39, 42, 45, 48, 51, 54, 57, 60, 63, 66, 69, 72, 75, 78, 81, 84, 87, 90, 93, 96, 99, 102, 105, 108, 111, 114, 117, 120, 123, 126, 129, 132, 135, 138, 141, 144, 147, 150, 153, 156, 159, 162, 165, 168, 171, 174, 177, 180, 183, 186, 189, 192, 195, 198, 201, 204, 207, 210, 213, 216, 219, 222, 225, 228, 231, 234, 237, 240, 243, 246, 249, 252, 255, 258, 261, 264, 267, 270, 273, 276, 279, 282, 285, 288, 291, 294, 297, 300, 303, 306, 309, 312, 315, 318, 321, 324, 327, 330, 333, 336, 339, 342, 345, 348, 351, 354, 357, 360, 363, 366, 369, 372, 375, 13, 14, 16, 17, 22, 23, 25, 26]
2017-11-06 10:51:59输出结果:点个数125耗时ms：82
[27, 30, 33, 36, 39, 42, 45, 48, 51, 54, 57, 60, 63, 66, 69, 72, 75, 78, 81, 84, 87, 90, 93, 96, 99, 102, 105, 108, 111, 114, 117, 120, 123, 126, 129, 132, 135, 138, 141, 144, 147, 150, 153, 156, 159, 162, 165, 168, 171, 174, 177, 180, 183, 186, 189, 192, 195, 198, 201, 204, 207, 210, 213, 216, 219, 222, 225, 228, 231, 234, 237, 240, 243, 246, 249, 252, 255, 258, 261, 264, 267, 270, 273, 276, 279, 282, 285, 288, 291, 294, 297, 300, 303, 306, 309, 312, 315, 318, 321, 324, 327, 330, 333, 336, 339, 342, 345, 348, 351, 354, 357, 360, 363, 366, 369, 372, 375, 13, 14, 16, 17, 22, 23, 25, 26]
